,SqFt,Bedrooms,Bathrooms,Offers,Brick_Yes,Neighborhood_North,Neighborhood_West,Price
SqFt,1.0,0.48176895677671683,0.5205769167300363,0.33863860816062263,0.08825832224242706,-0.2866270186294163,0.24703776079234116,0.5531266610218087
Bedrooms,0.48176895677671683,1.0,0.38435894376391333,0.1190651411742151,0.03861032908081329,-0.3659292940327072,0.47613724114455536,0.5063155798862956
Bathrooms,0.5205769167300363,0.38435894376391333,1.0,0.18205465229151918,0.155127064447848,-0.2735506022160966,0.2715852249896738,0.4932683970755244
Offers,0.33863860816062263,0.1190651411742151,0.18205465229151918,1.0,-0.14276623089485793,0.3295602890329622,-0.3292720392886165,-0.32603291792511024
Brick_Yes,0.08825832224242706,0.03861032908081329,0.155127064447848,-0.14276623089485793,1.0,-0.2605536109272983,0.11579309949164264,0.44374541579376275
Neighborhood_North,-0.2866270186294163,-0.3659292940327072,-0.2735506022160966,0.3295602890329622,-0.2605536109272983,1.0,-0.47909760011232244,-0.5623982890186053
Neighborhood_West,0.24703776079234116,0.47613724114455536,0.2715852249896738,-0.3292720392886165,0.11579309949164264,-0.47909760011232244,1.0,0.6971780939142393
Price,0.5531266610218087,0.5063155798862956,0.4932683970755244,-0.32603291792511024,0.44374541579376275,-0.5623982890186053,0.6971780939142393,1.0
